0.677419 0.000000 0.322581
0.636364 0.000000 0.363636
0.615385 0.000000 0.384615
0.602564 0.038462 0.358974
0.589744 0.076923 0.333333
0.576923 0.115385 0.307692
0.564103 0.153846 0.282051
0.551282 0.192308 0.256410
0.538462 0.230769 0.230769
0.535256 0.239316 0.225427
0.532051 0.247863 0.220085
0.528846 0.256410 0.214744
0.525641 0.264957 0.209402
0.522436 0.273504 0.204060
0.519231 0.282051 0.198718
0.516026 0.290598 0.193376
0.512821 0.299145 0.188034
0.509615 0.307692 0.182692
0.506410 0.316239 0.177350
0.503205 0.324786 0.172009
0.500000 0.333333 0.166667
0.496753 0.329004 0.174242
0.493506 0.324675 0.181818
0.490260 0.320346 0.189394
0.487013 0.316017 0.196970
0.483766 0.311688 0.204545
0.480519 0.307359 0.212121
0.477273 0.303030 0.219697
0.474026 0.298701 0.227273
0.470779 0.294372 0.234848
0.467532 0.290043 0.242424
0.464286 0.285714 0.250000
0.461039 0.281385 0.257576
0.457792 0.277056 0.265152
0.454545 0.272727 0.272727
0.456169 0.280844 0.262987
0.457792 0.288961 0.253247
0.459416 0.297078 0.243506
0.461039 0.305195 0.233766
0.462662 0.313312 0.224026
0.464286 0.321429 0.214286
0.465909 0.329545 0.204545
0.467532 0.337662 0.194805
0.469156 0.345779 0.185065
0.470779 0.353896 0.175325
0.472403 0.362013 0.165584
0.474026 0.370130 0.155844
0.475649 0.378247 0.146104
0.477273 0.386364 0.136364
0.478896 0.394481 0.126623
0.480519 0.402597 0.116883
0.482143 0.410714 0.107143
0.483766 0.418831 0.097403
0.485390 0.426948 0.087662
0.487013 0.435065 0.077922
0.488636 0.443182 0.068182
0.490260 0.451299 0.058442
0.491883 0.459416 0.048701
0.493506 0.467532 0.038961
0.495130 0.475649 0.029221
0.496753 0.483766 0.019481
0.498377 0.491883 0.009740
0.500000 0.500000 0.000000
0.485577 0.504808 0.009615
0.471154 0.509615 0.019231
0.456731 0.514423 0.028846
0.442308 0.519231 0.038462
0.427885 0.524038 0.048077
0.413462 0.528846 0.057692
0.399038 0.533654 0.067308
0.384615 0.538462 0.076923
0.441026 0.464103 0.094872
0.497436 0.389744 0.112821
0.553846 0.315385 0.130769
0.610256 0.241026 0.148718
0.666667 0.166667 0.166667
0.666667 0.166667 0.166667
0.666667 0.166667 0.166667
0.666667 0.166667 0.166667
0.666667 0.166667 0.166667
0.666667 0.166667 0.166667
0.666667 0.166667 0.166667
0.666667 0.166667 0.166667
0.666667 0.166667 0.166667
0.650000 0.180000 0.170000
0.633333 0.193333 0.173333
0.616667 0.206667 0.176667
0.600000 0.220000 0.180000
0.583333 0.233333 0.183333
0.566667 0.246667 0.186667
0.550000 0.260000 0.190000
0.533333 0.273333 0.193333
0.516667 0.286667 0.196667
0.500000 0.300000 0.200000
0.500000 0.300000 0.200000
0.500000 0.300000 0.200000
0.500000 0.300000 0.200000
0.500000 0.300000 0.200000
0.500000 0.300000 0.200000
0.500000 0.300000 0.200000
0.500000 0.300000 0.200000
0.500000 0.300000 0.200000
0.500000 0.300000 0.200000
0.500000 0.300000 0.200000
0.500000 0.300000 0.200000
0.508333 0.293333 0.198333
0.516667 0.286667 0.196667
0.525000 0.280000 0.195000
0.533333 0.273333 0.193333
0.541667 0.266667 0.191667
0.550000 0.260000 0.190000
0.558333 0.253333 0.188333
0.566667 0.246667 0.186667
0.575000 0.240000 0.185000
0.583333 0.233333 0.183333
0.591667 0.226667 0.181667
0.600000 0.220000 0.180000
0.608333 0.213333 0.178333
0.616667 0.206667 0.176667
0.625000 0.200000 0.175000
0.633333 0.193333 0.173333
0.641667 0.186667 0.171667
0.650000 0.180000 0.170000
0.658333 0.173333 0.168333
0.666667 0.166667 0.166667
0.666667 0.166667 0.166667
0.658333 0.173333 0.168333
0.650000 0.180000 0.170000
0.641667 0.186667 0.171667
0.633333 0.193333 0.173333
0.625000 0.200000 0.175000
0.616667 0.206667 0.176667
0.608333 0.213333 0.178333
0.600000 0.220000 0.180000
0.591667 0.226667 0.181667
0.583333 0.233333 0.183333
0.575000 0.240000 0.185000
0.566667 0.246667 0.186667
0.558333 0.253333 0.188333
0.550000 0.260000 0.190000
0.541667 0.266667 0.191667
0.533333 0.273333 0.193333
0.525000 0.280000 0.195000
0.516667 0.286667 0.196667
0.508333 0.293333 0.198333
0.500000 0.300000 0.200000
0.500000 0.300000 0.200000
0.500000 0.300000 0.200000
0.500000 0.300000 0.200000
0.500000 0.300000 0.200000
0.500000 0.300000 0.200000
0.500000 0.300000 0.200000
0.500000 0.300000 0.200000
0.500000 0.300000 0.200000
0.500000 0.300000 0.200000
0.500000 0.300000 0.200000
0.500000 0.300000 0.200000
0.500000 0.300000 0.200000
0.516667 0.286667 0.196667
0.533333 0.273333 0.193333
0.550000 0.260000 0.190000
0.566667 0.246667 0.186667
0.583333 0.233333 0.183333
0.600000 0.220000 0.180000
0.616667 0.206667 0.176667
0.633333 0.193333 0.173333
0.650000 0.180000 0.170000
0.666667 0.166667 0.166667
0.666667 0.166667 0.166667
0.666667 0.166667 0.166667
0.666667 0.166667 0.166667
0.666667 0.166667 0.166667
0.666667 0.166667 0.166667
0.666667 0.166667 0.166667
0.666667 0.166667 0.166667
0.666667 0.166667 0.166667
0.610256 0.241026 0.148718
0.553846 0.315385 0.130769
0.497436 0.389744 0.112821
0.441026 0.464103 0.094872
0.384615 0.538462 0.076923
0.399038 0.533654 0.067308
0.413462 0.528846 0.057692
0.427885 0.524038 0.048077
0.442308 0.519231 0.038462
0.456731 0.514423 0.028846
0.471154 0.509615 0.019231
0.485577 0.504808 0.009615
0.500000 0.500000 0.000000
0.498377 0.491883 0.009740
0.496753 0.483766 0.019481
0.495130 0.475649 0.029221
0.493506 0.467532 0.038961
0.491883 0.459416 0.048701
0.490260 0.451299 0.058442
0.488636 0.443182 0.068182
0.487013 0.435065 0.077922
0.485390 0.426948 0.087662
0.483766 0.418831 0.097403
0.482143 0.410714 0.107143
0.480519 0.402597 0.116883
0.478896 0.394481 0.126623
0.477273 0.386364 0.136364
0.475649 0.378247 0.146104
0.474026 0.370130 0.155844
0.472403 0.362013 0.165584
0.470779 0.353896 0.175325
0.469156 0.345779 0.185065
0.467532 0.337662 0.194805
0.465909 0.329545 0.204545
0.464286 0.321429 0.214286
0.462662 0.313312 0.224026
0.461039 0.305195 0.233766
0.459416 0.297078 0.243506
0.457792 0.288961 0.253247
0.456169 0.280844 0.262987
0.454545 0.272727 0.272727
0.457792 0.277056 0.265152
0.461039 0.281385 0.257576
0.464286 0.285714 0.250000
0.467532 0.290043 0.242424
0.470779 0.294372 0.234848
0.474026 0.298701 0.227273
0.477273 0.303030 0.219697
0.480519 0.307359 0.212121
0.483766 0.311688 0.204545
0.487013 0.316017 0.196970
0.490260 0.320346 0.189394
0.493506 0.324675 0.181818
0.496753 0.329004 0.174242
0.500000 0.333333 0.166667
0.503205 0.324786 0.172009
0.506410 0.316239 0.177350
0.509615 0.307692 0.182692
0.512821 0.299145 0.188034
0.516026 0.290598 0.193376
0.519231 0.282051 0.198718
0.522436 0.273504 0.204060
0.525641 0.264957 0.209402
0.528846 0.256410 0.214744
0.532051 0.247863 0.220085
0.535256 0.239316 0.225427
0.538462 0.230769 0.230769
0.551282 0.192308 0.256410
0.564103 0.153846 0.282051
0.576923 0.115385 0.307692
0.589744 0.076923 0.333333
0.602564 0.038462 0.358974
0.615385 0.000000 0.384615
0.636364 0.000000 0.363636
0.677419 0.000000 0.322581
0.722222 0.000000 0.277778
0.722222 0.000000 0.277778
0.722222 0.000000 0.277778
0.722222 0.000000 0.277778
0.722222 0.000000 0.277778
